46001122  60123008888    60163005555    2020100113503020201001135500S15
46001122  60123008888    60163005555    2020100113503020201001135500S15
46001122  60123008888    60163005555    2020100113503020201001135500M15
46001122  60123008888    60163005555    2020100113503020201001135500P15
46001122  60123008888    60163005555    2020100113503020201001135500P15
46001122  60123008888    60163005555    2020100113503020201001135500P15
46001122  60123008888    60163005555    2020100113503020201001135500P15
46001122  60123008888    60163005555    2020100113503020201001135500P15
46001122  60123008888    60163005555    2020100113503020201001135500P15
46001122  60123008888    60163005555    2020100113503020201001135500P15
46001122  60123008888    60163005555    2020100113503020201001135500P15
46001122  60123008888    60163005555    2020100113503020201001135500P15
46001122  60123008888    60163005555    2020100113503020201001135500P15
46001122  60123008888    60163005555    2020100113503020201001135500P15
46001122  60123008888    60163005555    2020100113503020201001135500P15
46001122  60123008888    60163005555    2020100113503020201001135500P15
46001122  60123008888    60163005555    2020100113503020201001135500P15
46001122  60123008888    60163005555    2020100113503020201001135500P15
46001122  60123008888    60163005555    2020100113503020201001135500P15
46001122  60123008888    60163005555    2020100113503020201001135500P15
46001122  60123008888    60163005555    2020100113503020201001135500P15
46001122  60123008888    60163005555    2020100113503020201001135500P15
46002255  60126001234    60162006789    2021100113553020201001142000P75
46002255  60126001234    60162006789    2022100113553020201001142000P75
